wektory własne:
[[0.07377211]
 [0.64338887]
 [0.28283902]] 
[[0.73518967]
 [0.19941889]
 [0.06539144]] 
[[0.19941889]
 [0.06539144]
 [0.73518967]]
 [[0.71315193]
 [0.06689342]
 [0.21995465]] 
[[0.33333333]
 [0.33333333]
 [0.33333333]] 
[[0.68529412]
 [0.09338235]
 [0.22132353]] 
[[0.76436607]
 [0.06977805]
 [0.16585588]] 
[[0.2]
 [0.4]
 [0.4]] 

[[0.33286101]
 [0.17379398]
 [0.06844969]
 [0.10752661]
 [0.02072089]
 [0.03761567]
 [0.04697641]
 [0.21205574]]
wynik:
[[0.35366345]
 [0.35900554]
 [0.28733101]]
Najlepsza jest 2 alternatywa